
risk:0.00 0.00 0.00 0.00 0.00 0.00 0.00 0.00 0.00 0.00
0.00 0.01 0.00 0.02 0.01 0.01 0.02 0.00 0.01 0.00
0.01 0.02 0.03 0.03 0.03 0.03 0.03 0.00 0.01 0.00
0.01 0.01 0.03 0.03 0.03 0.03 0.03 0.01 0.01 0.00
0.01 0.01 0.03 0.03 0.03 0.03 0.03 0.01 0.01 0.00
0.01 0.00 0.03 0.03 0.03 0.03 0.03 0.01 0.01 0.00
0.01 0.01 0.03 0.03 0.03 0.03 0.03 0.00 0.01 0.00
0.00 0.00 0.00 0.01 0.01 0.01 0.01 0.01 0.02 0.00
0.00 0.02 0.00 0.02 0.01 0.00 0.01 0.00 0.02 0.00
0.00 0.00 0.00 0.00 0.00 0.00 0.00 0.00 0.00 0.00
start:(7, 8, 1)destination:(0, 4)solution:1,1,1,1,1,1,4,4,4,4,
risk:0.00 0.00 0.00 0.00 0.00 0.00 0.00 0.00 0.00 0.00
0.00 0.01 0.00 0.02 0.01 0.01 0.02 0.00 0.01 0.00
0.01 0.02 0.03 0.03 0.03 0.03 0.03 0.00 0.01 0.00
0.01 0.01 0.03 0.03 0.03 0.03 0.03 0.01 0.01 0.00
0.01 0.01 0.03 0.03 0.03 0.03 0.03 0.01 0.01 0.00
0.01 0.00 0.03 0.03 0.03 0.03 0.03 0.01 0.01 0.00
0.01 0.01 0.03 0.03 0.03 0.03 0.03 0.00 0.01 0.00
0.00 0.00 0.00 0.01 0.01 0.01 0.01 0.01 0.02 0.00
0.00 0.02 0.00 0.02 0.01 0.00 0.01 0.00 0.02 0.00
0.00 0.00 0.00 0.00 0.00 0.00 0.00 0.00 0.00 0.00
start:(3, 9, 1)destination:(0, 4)solution:1,1,4,4,4,4,4,
risk:0.00 0.00 0.00 0.00 0.00 0.00 0.00 0.00 0.00 0.00
0.00 0.01 0.00 0.02 0.01 0.01 0.02 0.00 0.01 0.00
0.01 0.02 0.03 0.03 0.03 0.03 0.03 0.00 0.01 0.00
0.01 0.01 0.03 0.03 0.03 0.03 0.03 0.01 0.01 0.00
0.01 0.01 0.03 0.03 0.03 0.03 0.03 0.01 0.01 0.00
0.01 0.00 0.03 0.03 0.03 0.03 0.03 0.01 0.01 0.00
0.01 0.01 0.03 0.03 0.03 0.03 0.03 0.00 0.01 0.00
0.00 0.00 0.00 0.01 0.01 0.01 0.01 0.01 0.02 0.00
0.00 0.02 0.00 0.02 0.01 0.00 0.01 0.00 0.02 0.00
0.00 0.00 0.00 0.00 0.00 0.00 0.00 0.00 0.00 0.00
start:(1, 1, 1)destination:(1, 7)solution:2,2,2,2,2,
risk:0.00 0.00 0.00 0.00 0.00 0.00 0.00 0.00 0.00 0.00
0.00 0.01 0.00 0.02 0.01 0.01 0.02 0.00 0.01 0.00
0.01 0.02 0.03 0.03 0.03 0.03 0.03 0.00 0.01 0.00
0.01 0.01 0.03 0.03 0.03 0.03 0.03 0.01 0.01 0.00
0.01 0.01 0.03 0.03 0.03 0.03 0.03 0.01 0.01 0.00
0.01 0.00 0.03 0.03 0.03 0.03 0.03 0.01 0.01 0.00
0.01 0.01 0.03 0.03 0.03 0.03 0.03 0.00 0.01 0.00
0.00 0.00 0.00 0.01 0.01 0.01 0.01 0.01 0.02 0.00
0.00 0.02 0.00 0.02 0.01 0.00 0.01 0.00 0.02 0.00
0.00 0.00 0.00 0.00 0.00 0.00 0.00 0.00 0.00 0.00
start:(0, 7, 1)destination:(1, 1)solution:4,4,4,4,4,4,
risk:0.00 0.00 0.00 0.00 0.00 0.00 0.00 0.00 0.00 0.00
0.00 0.01 0.00 0.02 0.01 0.01 0.02 0.00 0.01 0.00
0.01 0.02 0.03 0.03 0.03 0.03 0.03 0.00 0.01 0.00
0.01 0.01 0.03 0.03 0.03 0.03 0.03 0.01 0.01 0.00
0.01 0.01 0.03 0.03 0.03 0.03 0.03 0.01 0.01 0.00
0.01 0.00 0.03 0.03 0.03 0.03 0.03 0.01 0.01 0.00
0.01 0.01 0.03 0.03 0.03 0.03 0.03 0.00 0.01 0.00
0.00 0.00 0.00 0.01 0.01 0.01 0.01 0.01 0.02 0.00
0.00 0.02 0.00 0.02 0.01 0.00 0.01 0.00 0.02 0.00
0.00 0.00 0.00 0.00 0.00 0.00 0.00 0.00 0.00 0.00
start:(3, 7, 1)destination:(1, 8)solution:1,1,
risk:0.00 0.00 0.00 0.00 0.00 0.00 0.00 0.00 0.00 0.00
0.00 0.01 0.00 0.02 0.01 0.01 0.02 0.00 0.01 0.00
0.01 0.02 0.03 0.03 0.03 0.03 0.03 0.00 0.01 0.00
0.01 0.01 0.03 0.03 0.03 0.03 0.03 0.01 0.01 0.00
0.01 0.01 0.03 0.03 0.03 0.03 0.03 0.01 0.01 0.00
0.01 0.00 0.03 0.03 0.03 0.03 0.03 0.01 0.01 0.00
0.01 0.01 0.03 0.03 0.03 0.03 0.03 0.00 0.01 0.00
0.00 0.00 0.00 0.01 0.01 0.01 0.01 0.01 0.02 0.00
0.00 0.02 0.00 0.02 0.01 0.00 0.01 0.00 0.02 0.00
0.00 0.00 0.00 0.00 0.00 0.00 0.00 0.00 0.00 0.00
start:(0, 4, 1)destination:(0, 2)solution:4,
risk:0.00 0.00 0.00 0.00 0.00 0.00 0.00 0.00 0.00 0.00
0.00 0.01 0.00 0.02 0.01 0.01 0.02 0.00 0.01 0.00
0.01 0.02 0.03 0.03 0.03 0.03 0.03 0.00 0.01 0.00
0.01 0.01 0.03 0.03 0.03 0.03 0.03 0.01 0.01 0.00
0.01 0.01 0.03 0.03 0.03 0.03 0.03 0.01 0.01 0.00
0.01 0.00 0.03 0.03 0.03 0.03 0.03 0.01 0.01 0.00
0.01 0.01 0.03 0.03 0.03 0.03 0.03 0.00 0.01 0.00
0.00 0.00 0.00 0.01 0.01 0.01 0.01 0.01 0.02 0.00
0.00 0.02 0.00 0.02 0.01 0.00 0.01 0.00 0.02 0.00
0.00 0.00 0.00 0.00 0.00 0.00 0.00 0.00 0.00 0.00
start:(3, 0, 1)destination:(2, 9)solution:1,2,2,2,2,2,2,2,2,2,3,
risk:0.00 0.00 0.00 0.00 0.00 0.00 0.00 0.00 0.00 0.00
0.00 0.01 0.00 0.02 0.01 0.01 0.02 0.00 0.01 0.00
0.01 0.02 0.03 0.03 0.03 0.03 0.03 0.00 0.01 0.00
0.01 0.01 0.03 0.03 0.03 0.03 0.03 0.01 0.01 0.00
0.01 0.01 0.03 0.03 0.03 0.03 0.03 0.01 0.01 0.00
0.01 0.00 0.03 0.03 0.03 0.03 0.03 0.01 0.01 0.00
0.01 0.01 0.03 0.03 0.03 0.03 0.03 0.00 0.01 0.00
0.00 0.00 0.00 0.01 0.01 0.01 0.01 0.01 0.02 0.00
0.00 0.02 0.00 0.02 0.01 0.00 0.01 0.00 0.02 0.00
0.00 0.00 0.00 0.00 0.00 0.00 0.00 0.00 0.00 0.00
start:(0, 0, 1)destination:(2, 8)solution:2,2,2,2,2,2,2,3,3,
risk:0.00 0.00 0.00 0.00 0.00 0.00 0.00 0.00 0.00 0.00
0.00 0.01 0.00 0.02 0.01 0.01 0.02 0.00 0.01 0.00
0.01 0.02 0.03 0.03 0.03 0.03 0.03 0.00 0.01 0.00
0.01 0.01 0.03 0.03 0.03 0.03 0.03 0.01 0.01 0.00
0.01 0.01 0.03 0.03 0.03 0.03 0.03 0.01 0.01 0.00
0.01 0.00 0.03 0.03 0.03 0.03 0.03 0.01 0.01 0.00
0.01 0.01 0.03 0.03 0.03 0.03 0.03 0.00 0.01 0.00
0.00 0.00 0.00 0.01 0.01 0.01 0.01 0.01 0.02 0.00
0.00 0.02 0.00 0.02 0.01 0.00 0.01 0.00 0.02 0.00
0.00 0.00 0.00 0.00 0.00 0.00 0.00 0.00 0.00 0.00
start:(0, 2, 1)destination:(1, 0)solution:4,4,
risk:0.00 0.00 0.00 0.00 0.00 0.00 0.00 0.00 0.00 0.00
0.00 0.01 0.00 0.02 0.01 0.01 0.02 0.00 0.01 0.00
0.01 0.02 0.03 0.03 0.03 0.03 0.03 0.00 0.01 0.00
0.01 0.01 0.03 0.03 0.03 0.03 0.03 0.01 0.01 0.00
0.01 0.01 0.03 0.03 0.03 0.03 0.03 0.01 0.01 0.00
0.01 0.00 0.03 0.03 0.03 0.03 0.03 0.01 0.01 0.00
0.01 0.01 0.03 0.03 0.03 0.03 0.03 0.00 0.01 0.00
0.00 0.00 0.00 0.01 0.01 0.01 0.01 0.01 0.02 0.00
0.00 0.02 0.00 0.02 0.01 0.00 0.01 0.00 0.02 0.00
0.00 0.00 0.00 0.00 0.00 0.00 0.00 0.00 0.00 0.00
start:(3, 3, 1)destination:(1, 1)solution:1,4,4,