
risk:0.00 0.00 0.00 0.00 0.00 0.00 0.00 0.00 0.00
0.00 0.01 0.02 0.00 0.01 0.01 0.02 0.00 0.00
0.01 0.00 0.03 0.03 0.03 0.03 0.01 0.01 0.00
0.01 0.01 0.03 0.03 0.03 0.03 0.01 0.00 0.00
0.01 0.01 0.03 0.03 0.03 0.03 0.01 0.02 0.00
0.01 0.01 0.03 0.03 0.03 0.03 0.01 0.01 0.00
0.01 0.01 0.01 0.02 0.01 0.01 0.02 0.00 0.00
0.01 0.01 0.01 0.02 0.02 0.02 0.02 0.00 0.00
0.00 0.00 0.00 0.00 0.00 0.00 0.00 0.00 0.00
start:(8, 2, 1)destination:(3, 1)solution:1,1,1,4,1,
risk:0.00 0.00 0.00 0.00 0.00 0.00 0.00 0.00 0.00
0.00 0.01 0.02 0.00 0.01 0.01 0.02 0.00 0.00
0.01 0.00 0.03 0.03 0.03 0.03 0.01 0.01 0.00
0.01 0.01 0.03 0.03 0.03 0.03 0.01 0.00 0.00
0.01 0.01 0.03 0.03 0.03 0.03 0.01 0.02 0.00
0.01 0.01 0.03 0.03 0.03 0.03 0.01 0.01 0.00
0.01 0.01 0.01 0.02 0.01 0.01 0.02 0.00 0.00
0.01 0.01 0.01 0.02 0.02 0.02 0.02 0.00 0.00
0.00 0.00 0.00 0.00 0.00 0.00 0.00 0.00 0.00
start:(0, 0, 1)destination:(0, 3)solution:2,2,
risk:0.00 0.00 0.00 0.00 0.00 0.00 0.00 0.00 0.00
0.00 0.01 0.02 0.00 0.01 0.01 0.02 0.00 0.00
0.01 0.00 0.03 0.03 0.03 0.03 0.01 0.01 0.00
0.01 0.01 0.03 0.03 0.03 0.03 0.01 0.00 0.00
0.01 0.01 0.03 0.03 0.03 0.03 0.01 0.02 0.00
0.01 0.01 0.03 0.03 0.03 0.03 0.01 0.01 0.00
0.01 0.01 0.01 0.02 0.01 0.01 0.02 0.00 0.00
0.01 0.01 0.01 0.02 0.02 0.02 0.02 0.00 0.00
0.00 0.00 0.00 0.00 0.00 0.00 0.00 0.00 0.00
start:(0, 5, 1)destination:(1, 0)solution:4,4,4,4,4,
risk:0.00 0.00 0.00 0.00 0.00 0.00 0.00 0.00 0.00
0.00 0.01 0.02 0.00 0.01 0.01 0.02 0.00 0.00
0.01 0.00 0.03 0.03 0.03 0.03 0.01 0.01 0.00
0.01 0.01 0.03 0.03 0.03 0.03 0.01 0.00 0.00
0.01 0.01 0.03 0.03 0.03 0.03 0.01 0.02 0.00
0.01 0.01 0.03 0.03 0.03 0.03 0.01 0.01 0.00
0.01 0.01 0.01 0.02 0.01 0.01 0.02 0.00 0.00
0.01 0.01 0.01 0.02 0.02 0.02 0.02 0.00 0.00
0.00 0.00 0.00 0.00 0.00 0.00 0.00 0.00 0.00
start:(1, 0, 1)destination:(2, 2)solution:2,3,
risk:0.00 0.00 0.00 0.00 0.00 0.00 0.00 0.00 0.00
0.00 0.01 0.02 0.00 0.01 0.01 0.02 0.00 0.00
0.01 0.00 0.03 0.03 0.03 0.03 0.01 0.01 0.00
0.01 0.01 0.03 0.03 0.03 0.03 0.01 0.00 0.00
0.01 0.01 0.03 0.03 0.03 0.03 0.01 0.02 0.00
0.01 0.01 0.03 0.03 0.03 0.03 0.01 0.01 0.00
0.01 0.01 0.01 0.02 0.01 0.01 0.02 0.00 0.00
0.01 0.01 0.01 0.02 0.02 0.02 0.02 0.00 0.00
0.00 0.00 0.00 0.00 0.00 0.00 0.00 0.00 0.00
start:(0, 0, 1)destination:(0, 1)solution:
risk:0.00 0.00 0.00 0.00 0.00 0.00 0.00 0.00 0.00
0.00 0.01 0.02 0.00 0.01 0.01 0.02 0.00 0.00
0.01 0.00 0.03 0.03 0.03 0.03 0.01 0.01 0.00
0.01 0.01 0.03 0.03 0.03 0.03 0.01 0.00 0.00
0.01 0.01 0.03 0.03 0.03 0.03 0.01 0.02 0.00
0.01 0.01 0.03 0.03 0.03 0.03 0.01 0.01 0.00
0.01 0.01 0.01 0.02 0.01 0.01 0.02 0.00 0.00
0.01 0.01 0.01 0.02 0.02 0.02 0.02 0.00 0.00
0.00 0.00 0.00 0.00 0.00 0.00 0.00 0.00 0.00
start:(1, 4, 1)destination:(0, 0)solution:4,4,4,4,
risk:0.00 0.00 0.00 0.00 0.00 0.00 0.00 0.00 0.00
0.00 0.01 0.02 0.00 0.01 0.01 0.02 0.00 0.00
0.01 0.00 0.03 0.03 0.03 0.03 0.01 0.01 0.00
0.01 0.01 0.03 0.03 0.03 0.03 0.01 0.00 0.00
0.01 0.01 0.03 0.03 0.03 0.03 0.01 0.02 0.00
0.01 0.01 0.03 0.03 0.03 0.03 0.01 0.01 0.00
0.01 0.01 0.01 0.02 0.01 0.01 0.02 0.00 0.00
0.01 0.01 0.01 0.02 0.02 0.02 0.02 0.00 0.00
0.00 0.00 0.00 0.00 0.00 0.00 0.00 0.00 0.00
start:(1, 8, 1)destination:(1, 2)solution:4,4,4,4,4,
risk:0.00 0.00 0.00 0.00 0.00 0.00 0.00 0.00 0.00
0.00 0.01 0.02 0.00 0.01 0.01 0.02 0.00 0.00
0.01 0.00 0.03 0.03 0.03 0.03 0.01 0.01 0.00
0.01 0.01 0.03 0.03 0.03 0.03 0.01 0.00 0.00
0.01 0.01 0.03 0.03 0.03 0.03 0.01 0.02 0.00
0.01 0.01 0.03 0.03 0.03 0.03 0.01 0.01 0.00
0.01 0.01 0.01 0.02 0.01 0.01 0.02 0.00 0.00
0.01 0.01 0.01 0.02 0.02 0.02 0.02 0.00 0.00
0.00 0.00 0.00 0.00 0.00 0.00 0.00 0.00 0.00
start:(0, 3, 1)destination:(0, 6)solution:2,2,
risk:0.00 0.00 0.00 0.00 0.00 0.00 0.00 0.00 0.00
0.00 0.01 0.02 0.00 0.01 0.01 0.02 0.00 0.00
0.01 0.00 0.03 0.03 0.03 0.03 0.01 0.01 0.00
0.01 0.01 0.03 0.03 0.03 0.03 0.01 0.00 0.00
0.01 0.01 0.03 0.03 0.03 0.03 0.01 0.02 0.00
0.01 0.01 0.03 0.03 0.03 0.03 0.01 0.01 0.00
0.01 0.01 0.01 0.02 0.01 0.01 0.02 0.00 0.00
0.01 0.01 0.01 0.02 0.02 0.02 0.02 0.00 0.00
0.00 0.00 0.00 0.00 0.00 0.00 0.00 0.00 0.00
start:(0, 5, 1)destination:(0, 0)solution:4,4,4,4,
risk:0.00 0.00 0.00 0.00 0.00 0.00 0.00 0.00 0.00
0.00 0.01 0.02 0.00 0.01 0.01 0.02 0.00 0.00
0.01 0.00 0.03 0.03 0.03 0.03 0.01 0.01 0.00
0.01 0.01 0.03 0.03 0.03 0.03 0.01 0.00 0.00
0.01 0.01 0.03 0.03 0.03 0.03 0.01 0.02 0.00
0.01 0.01 0.03 0.03 0.03 0.03 0.01 0.01 0.00
0.01 0.01 0.01 0.02 0.01 0.01 0.02 0.00 0.00
0.01 0.01 0.01 0.02 0.02 0.02 0.02 0.00 0.00
0.00 0.00 0.00 0.00 0.00 0.00 0.00 0.00 0.00
start:(2, 7, 1)destination:(0, 4)solution:1,4,4,4,