
risk:0.00 0.00 0.00 0.00 0.00 0.00 0.00 0.00 0.00 0.00 0.00
0.00 0.00 0.01 0.01 0.00 0.01 0.01 0.00 0.01 0.00 0.00
0.01 0.01 0.00 0.01 0.01 0.01 0.00 0.01 0.01 0.00 0.00
0.01 0.01 0.00 0.03 0.03 0.03 0.03 0.03 0.03 0.00 0.00
0.00 0.00 0.01 0.03 0.03 0.03 0.03 0.03 0.03 0.00 0.00
0.01 0.00 0.01 0.03 0.03 0.03 0.03 0.03 0.03 0.01 0.00
0.01 0.01 0.00 0.03 0.03 0.03 0.03 0.03 0.03 0.00 0.00
0.01 0.01 0.01 0.03 0.03 0.03 0.03 0.03 0.03 0.01 0.00
0.01 0.01 0.01 0.03 0.03 0.03 0.03 0.03 0.03 0.00 0.00
0.01 0.01 0.01 0.01 0.01 0.01 0.00 0.00 0.01 0.01 0.00
0.00 0.00 0.00 0.00 0.00 0.00 0.00 0.00 0.00 0.00 0.00
start:(3, 3, 1)destination:(8, 0)solution:4,3,3,3,3,4,4,
risk:0.00 0.00 0.00 0.00 0.00 0.00 0.00 0.00 0.00 0.00 0.00
0.00 0.00 0.01 0.01 0.00 0.01 0.01 0.00 0.01 0.00 0.00
0.01 0.01 0.00 0.01 0.01 0.01 0.00 0.01 0.01 0.00 0.00
0.01 0.01 0.00 0.03 0.03 0.03 0.03 0.03 0.03 0.00 0.00
0.00 0.00 0.01 0.03 0.03 0.03 0.03 0.03 0.03 0.00 0.00
0.01 0.00 0.01 0.03 0.03 0.03 0.03 0.03 0.03 0.01 0.00
0.01 0.01 0.00 0.03 0.03 0.03 0.03 0.03 0.03 0.00 0.00
0.01 0.01 0.01 0.03 0.03 0.03 0.03 0.03 0.03 0.01 0.00
0.01 0.01 0.01 0.03 0.03 0.03 0.03 0.03 0.03 0.00 0.00
0.01 0.01 0.01 0.01 0.01 0.01 0.00 0.00 0.01 0.01 0.00
0.00 0.00 0.00 0.00 0.00 0.00 0.00 0.00 0.00 0.00 0.00
start:(2, 1, 1)destination:(1, 9)solution:2,2,2,2,2,2,2,1,
risk:0.00 0.00 0.00 0.00 0.00 0.00 0.00 0.00 0.00 0.00 0.00
0.00 0.00 0.01 0.01 0.00 0.01 0.01 0.00 0.01 0.00 0.00
0.01 0.01 0.00 0.01 0.01 0.01 0.00 0.01 0.01 0.00 0.00
0.01 0.01 0.00 0.03 0.03 0.03 0.03 0.03 0.03 0.00 0.00
0.00 0.00 0.01 0.03 0.03 0.03 0.03 0.03 0.03 0.00 0.00
0.01 0.00 0.01 0.03 0.03 0.03 0.03 0.03 0.03 0.01 0.00
0.01 0.01 0.00 0.03 0.03 0.03 0.03 0.03 0.03 0.00 0.00
0.01 0.01 0.01 0.03 0.03 0.03 0.03 0.03 0.03 0.01 0.00
0.01 0.01 0.01 0.03 0.03 0.03 0.03 0.03 0.03 0.00 0.00
0.01 0.01 0.01 0.01 0.01 0.01 0.00 0.00 0.01 0.01 0.00
0.00 0.00 0.00 0.00 0.00 0.00 0.00 0.00 0.00 0.00 0.00
start:(0, 4, 1)destination:(0, 2)solution:4,
risk:0.00 0.00 0.00 0.00 0.00 0.00 0.00 0.00 0.00 0.00 0.00
0.00 0.00 0.01 0.01 0.00 0.01 0.01 0.00 0.01 0.00 0.00
0.01 0.01 0.00 0.01 0.01 0.01 0.00 0.01 0.01 0.00 0.00
0.01 0.01 0.00 0.03 0.03 0.03 0.03 0.03 0.03 0.00 0.00
0.00 0.00 0.01 0.03 0.03 0.03 0.03 0.03 0.03 0.00 0.00
0.01 0.00 0.01 0.03 0.03 0.03 0.03 0.03 0.03 0.01 0.00
0.01 0.01 0.00 0.03 0.03 0.03 0.03 0.03 0.03 0.00 0.00
0.01 0.01 0.01 0.03 0.03 0.03 0.03 0.03 0.03 0.01 0.00
0.01 0.01 0.01 0.03 0.03 0.03 0.03 0.03 0.03 0.00 0.00
0.01 0.01 0.01 0.01 0.01 0.01 0.00 0.00 0.01 0.01 0.00
0.00 0.00 0.00 0.00 0.00 0.00 0.00 0.00 0.00 0.00 0.00
start:(3, 2, 1)destination:(0, 6)solution:2,1,2,2,1,1,
risk:0.00 0.00 0.00 0.00 0.00 0.00 0.00 0.00 0.00 0.00 0.00
0.00 0.00 0.01 0.01 0.00 0.01 0.01 0.00 0.01 0.00 0.00
0.01 0.01 0.00 0.01 0.01 0.01 0.00 0.01 0.01 0.00 0.00
0.01 0.01 0.00 0.03 0.03 0.03 0.03 0.03 0.03 0.00 0.00
0.00 0.00 0.01 0.03 0.03 0.03 0.03 0.03 0.03 0.00 0.00
0.01 0.00 0.01 0.03 0.03 0.03 0.03 0.03 0.03 0.01 0.00
0.01 0.01 0.00 0.03 0.03 0.03 0.03 0.03 0.03 0.00 0.00
0.01 0.01 0.01 0.03 0.03 0.03 0.03 0.03 0.03 0.01 0.00
0.01 0.01 0.01 0.03 0.03 0.03 0.03 0.03 0.03 0.00 0.00
0.01 0.01 0.01 0.01 0.01 0.01 0.00 0.00 0.01 0.01 0.00
0.00 0.00 0.00 0.00 0.00 0.00 0.00 0.00 0.00 0.00 0.00
start:(0, 3, 1)destination:(0, 8)solution:2,2,2,2,
risk:0.00 0.00 0.00 0.00 0.00 0.00 0.00 0.00 0.00 0.00 0.00
0.00 0.00 0.01 0.01 0.00 0.01 0.01 0.00 0.01 0.00 0.00
0.01 0.01 0.00 0.01 0.01 0.01 0.00 0.01 0.01 0.00 0.00
0.01 0.01 0.00 0.03 0.03 0.03 0.03 0.03 0.03 0.00 0.00
0.00 0.00 0.01 0.03 0.03 0.03 0.03 0.03 0.03 0.00 0.00
0.01 0.00 0.01 0.03 0.03 0.03 0.03 0.03 0.03 0.01 0.00
0.01 0.01 0.00 0.03 0.03 0.03 0.03 0.03 0.03 0.00 0.00
0.01 0.01 0.01 0.03 0.03 0.03 0.03 0.03 0.03 0.01 0.00
0.01 0.01 0.01 0.03 0.03 0.03 0.03 0.03 0.03 0.00 0.00
0.01 0.01 0.01 0.01 0.01 0.01 0.00 0.00 0.01 0.01 0.00
0.00 0.00 0.00 0.00 0.00 0.00 0.00 0.00 0.00 0.00 0.00
start:(0, 2, 1)destination:(0, 1)solution:
risk:0.00 0.00 0.00 0.00 0.00 0.00 0.00 0.00 0.00 0.00 0.00
0.00 0.00 0.01 0.01 0.00 0.01 0.01 0.00 0.01 0.00 0.00
0.01 0.01 0.00 0.01 0.01 0.01 0.00 0.01 0.01 0.00 0.00
0.01 0.01 0.00 0.03 0.03 0.03 0.03 0.03 0.03 0.00 0.00
0.00 0.00 0.01 0.03 0.03 0.03 0.03 0.03 0.03 0.00 0.00
0.01 0.00 0.01 0.03 0.03 0.03 0.03 0.03 0.03 0.01 0.00
0.01 0.01 0.00 0.03 0.03 0.03 0.03 0.03 0.03 0.00 0.00
0.01 0.01 0.01 0.03 0.03 0.03 0.03 0.03 0.03 0.01 0.00
0.01 0.01 0.01 0.03 0.03 0.03 0.03 0.03 0.03 0.00 0.00
0.01 0.01 0.01 0.01 0.01 0.01 0.00 0.00 0.01 0.01 0.00
0.00 0.00 0.00 0.00 0.00 0.00 0.00 0.00 0.00 0.00 0.00
start:(0, 0, 1)destination:(0, 1)solution:
risk:0.00 0.00 0.00 0.00 0.00 0.00 0.00 0.00 0.00 0.00 0.00
0.00 0.00 0.01 0.01 0.00 0.01 0.01 0.00 0.01 0.00 0.00
0.01 0.01 0.00 0.01 0.01 0.01 0.00 0.01 0.01 0.00 0.00
0.01 0.01 0.00 0.03 0.03 0.03 0.03 0.03 0.03 0.00 0.00
0.00 0.00 0.01 0.03 0.03 0.03 0.03 0.03 0.03 0.00 0.00
0.01 0.00 0.01 0.03 0.03 0.03 0.03 0.03 0.03 0.01 0.00
0.01 0.01 0.00 0.03 0.03 0.03 0.03 0.03 0.03 0.00 0.00
0.01 0.01 0.01 0.03 0.03 0.03 0.03 0.03 0.03 0.01 0.00
0.01 0.01 0.01 0.03 0.03 0.03 0.03 0.03 0.03 0.00 0.00
0.01 0.01 0.01 0.01 0.01 0.01 0.00 0.00 0.01 0.01 0.00
0.00 0.00 0.00 0.00 0.00 0.00 0.00 0.00 0.00 0.00 0.00
start:(1, 8, 1)destination:(1, 7)solution:
risk:0.00 0.00 0.00 0.00 0.00 0.00 0.00 0.00 0.00 0.00 0.00
0.00 0.00 0.01 0.01 0.00 0.01 0.01 0.00 0.01 0.00 0.00
0.01 0.01 0.00 0.01 0.01 0.01 0.00 0.01 0.01 0.00 0.00
0.01 0.01 0.00 0.03 0.03 0.03 0.03 0.03 0.03 0.00 0.00
0.00 0.00 0.01 0.03 0.03 0.03 0.03 0.03 0.03 0.00 0.00
0.01 0.00 0.01 0.03 0.03 0.03 0.03 0.03 0.03 0.01 0.00
0.01 0.01 0.00 0.03 0.03 0.03 0.03 0.03 0.03 0.00 0.00
0.01 0.01 0.01 0.03 0.03 0.03 0.03 0.03 0.03 0.01 0.00
0.01 0.01 0.01 0.03 0.03 0.03 0.03 0.03 0.03 0.00 0.00
0.01 0.01 0.01 0.01 0.01 0.01 0.00 0.00 0.01 0.01 0.00
0.00 0.00 0.00 0.00 0.00 0.00 0.00 0.00 0.00 0.00 0.00
start:(0, 6, 1)destination:(1, 3)solution:4,4,4,
risk:0.00 0.00 0.00 0.00 0.00 0.00 0.00 0.00 0.00 0.00 0.00
0.00 0.00 0.01 0.01 0.00 0.01 0.01 0.00 0.01 0.00 0.00
0.01 0.01 0.00 0.01 0.01 0.01 0.00 0.01 0.01 0.00 0.00
0.01 0.01 0.00 0.03 0.03 0.03 0.03 0.03 0.03 0.00 0.00
0.00 0.00 0.01 0.03 0.03 0.03 0.03 0.03 0.03 0.00 0.00
0.01 0.00 0.01 0.03 0.03 0.03 0.03 0.03 0.03 0.01 0.00
0.01 0.01 0.00 0.03 0.03 0.03 0.03 0.03 0.03 0.00 0.00
0.01 0.01 0.01 0.03 0.03 0.03 0.03 0.03 0.03 0.01 0.00
0.01 0.01 0.01 0.03 0.03 0.03 0.03 0.03 0.03 0.00 0.00
0.01 0.01 0.01 0.01 0.01 0.01 0.00 0.00 0.01 0.01 0.00
0.00 0.00 0.00 0.00 0.00 0.00 0.00 0.00 0.00 0.00 0.00
start:(0, 9, 1)destination:(3, 8)solution:3,3,4,